{
 "cells": [
  {
   "cell_type": "markdown",
   "metadata": {},
   "source": [
    "The Signal Class defines the base class for handling continuous signals, or in other words, the data values/ data set that you want to process. "
   ]
  },
  {
   "cell_type": "code",
   "execution_count": 1,
   "metadata": {},
   "outputs": [],
   "source": [
    "import numpy as np\n",
    "np.random.seed(10)\n",
    "\n",
    "from dreye import Domain, Signal\n",
    "from dreye.err import DreyeError\n",
    "from dreye import UREG"
   ]
  },
  {
   "cell_type": "markdown",
   "metadata": {},
   "source": [
    "First initialize your signal class. Here we initialized a 2D array with 10 rows and 4 columns. Next, define your domain. Here, we created the domain range using the numpy arange method, and it ranges from 1-10 with a step size of 1.\n",
    "\n",
    "We have also defined a few important parameters here. For example, **domain** can either be a domain instance that was previously created, or you can create one on the spot and define the units using **domain_units** like we did here. It is also important to define the **domain_axis**, which is the axis of the signal array for which you want to perform operations on. **units** needs to be defined as the units for the signal. Naming the signals using the **labels** parameter is also a useful to keep track of your data. You can also fine tune the interpolator function by passing specific arguments to it using **interpolator_kwargs**. Lastly, **attrs** is a user-defined dictionary that will keep track of any additional information needed to perform operations on the signal.\n",
    "\n",
    "\n",
    "To get a more complete idea of all possible parameters, please see the full documentation at ________ ."
   ]
  },
  {
   "cell_type": "code",
   "execution_count": 28,
   "metadata": {},
   "outputs": [],
   "source": [
    "signal = Signal(\n",
    "    np.random.random((10, 4)), # 1 or 2D\n",
    "    domain=np.arange(10),\n",
    "    domain_units='s',\n",
    "    domain_axis=0, \n",
    "    units='volts', \n",
    "    labels=['a', 'b', 'c', 'd'], # list-like\n",
    "    interpolator_kwargs={'bounds_error':False, 'fill_value':0.5},\n",
    "    attrs={'a':'b'}\n",
    ")"
   ]
  },
  {
   "cell_type": "markdown",
   "metadata": {},
   "source": [
    "Once the signal is created, it will have a myriad of attributes. The definitions of each of these can be found here. "
   ]
  },
  {
   "cell_type": "code",
   "execution_count": 3,
   "metadata": {},
   "outputs": [
    {
     "name": "stdout",
     "output_type": "stream",
     "text": [
      "{'a': 'b'}\n",
      "<class 'numpy.float64'>\n",
      "volt\n",
      "Domain(start=0.0, end=9.0, interval=1.0, units=second, dtype=<class 'numpy.float64'>)\n",
      "[[0.77132064 0.02075195 0.63364823 0.74880388] [0.49850701 0.22479665 0.19806286 0.76053071] [0.16911084 0.08833981 0.68535982 0.95339335] [0.00394827 0.51219226 0.81262096 0.61252607] [0.72175532 0.29187607 0.91777412 0.71457578] [0.54254437 0.14217005 0.37334076 0.67413362] [0.44183317 0.43401399 0.61776698 0.51313824] [0.65039718 0.60103895 0.8052232  0.52164715] [0.90864888 0.31923609 0.09045935 0.30070006] [0.11398436 0.82868133 0.04689632 0.62628715]] volt\n",
      "[[0.77132064 0.02075195 0.63364823 0.74880388]\n",
      " [0.49850701 0.22479665 0.19806286 0.76053071]\n",
      " [0.16911084 0.08833981 0.68535982 0.95339335]\n",
      " [0.00394827 0.51219226 0.81262096 0.61252607]\n",
      " [0.72175532 0.29187607 0.91777412 0.71457578]\n",
      " [0.54254437 0.14217005 0.37334076 0.67413362]\n",
      " [0.44183317 0.43401399 0.61776698 0.51313824]\n",
      " [0.65039718 0.60103895 0.8052232  0.52164715]\n",
      " [0.90864888 0.31923609 0.09045935 0.30070006]\n",
      " [0.11398436 0.82868133 0.04689632 0.62628715]]\n",
      "[[0.00394827 0.90864888]\n",
      " [0.02075195 0.82868133]\n",
      " [0.04689632 0.91777412]\n",
      " [0.30070006 0.95339335]]\n",
      "<class 'scipy.interpolate.interpolate.interp1d'>\n",
      "{'bounds_error': False, 'fill_value': 0.5, 'axis': 0}\n",
      "['a', 'b', 'c', 'd']\n",
      "0\n",
      "1\n",
      "4\n",
      "10\n",
      "(10, 4)\n",
      "40\n",
      "2\n",
      "[4.37939754 3.03838051 4.84088033 5.73819049] second * volt\n",
      "[[0.77132064 0.02075195 0.63364823 0.74880388] [0.49850701 0.22479665 0.19806286 0.76053071] [0.16911084 0.08833981 0.68535982 0.95339335] [0.00394827 0.51219226 0.81262096 0.61252607] [0.72175532 0.29187607 0.91777412 0.71457578] [0.54254437 0.14217005 0.37334076 0.67413362] [0.44183317 0.43401399 0.61776698 0.51313824] [0.65039718 0.60103895 0.8052232  0.52164715] [0.90864888 0.31923609 0.09045935 0.30070006] [0.11398436 0.82868133 0.04689632 0.62628715]] second * volt\n",
      "[[0.17612483 0.00682994 0.13089525 0.13049478] [0.11383004 0.07398568 0.04091464 0.13253842] [0.03861509 0.02907464 0.14157752 0.16614878] [0.00090155 0.1685741  0.16786636 0.10674551] [0.16480699 0.09606304 0.18958827 0.12452981] [0.12388562 0.04679139 0.07712249 0.11748192] [0.10088903 0.14284386 0.12761459 0.0894251 ] [0.14851293 0.19781556 0.16633817 0.09090795] [0.20748262 0.10506784 0.01868655 0.05240329] [0.02602741 0.27273784 0.00968756 0.10914367]] / second\n",
      "[[0.77132064 0.02075195 0.63364823 0.74880388] [0.49850701 0.22479665 0.19806286 0.76053071] [0.16911084 0.08833981 0.68535982 0.95339335] [0.00394827 0.51219226 0.81262096 0.61252607] [0.72175532 0.29187607 0.91777412 0.71457578] [0.54254437 0.14217005 0.37334076 0.67413362] [0.44183317 0.43401399 0.61776698 0.51313824] [0.65039718 0.60103895 0.8052232  0.52164715] [0.90864888 0.31923609 0.09045935 0.30070006] [0.11398436 0.82868133 0.04689632 0.62628715]] volt / second\n",
      "[[-0.27281363  0.2040447  -0.43558537  0.01172683] [-0.3011049   0.03379393  0.02585579  0.10229473] [-0.24727937  0.14369781  0.30727905 -0.07400232] [ 0.27632224  0.10176813  0.11620715 -0.11940878] [ 0.26929805 -0.18501111 -0.2196401   0.03080377] [-0.13996107  0.07106896 -0.15000357 -0.10071877] [ 0.05392641  0.22943445  0.21594122 -0.07624323] [ 0.23340785 -0.05738895 -0.26365381 -0.10621909] [-0.26820641  0.11382119 -0.37916344  0.05232   ] [-0.79466452  0.50944524 -0.04356303  0.32558709]] volt / second\n",
      "[[0.77132064 0.02075195 0.63364823 0.74880388] [0.49850701 0.22479665 0.19806286 0.76053071] [0.16911084 0.08833981 0.68535982 0.95339335] [0.00394827 0.51219226 0.81262096 0.61252607] [0.72175532 0.29187607 0.91777412 0.71457578] [0.54254437 0.14217005 0.37334076 0.67413362] [0.44183317 0.43401399 0.61776698 0.51313824] [0.65039718 0.60103895 0.8052232  0.52164715] [0.90864888 0.31923609 0.09045935 0.30070006] [0.11398436 0.82868133 0.04689632 0.62628715]] volt\n",
      "[[0.77132064 0.49850701 0.16911084 0.00394827 0.72175532 0.54254437  0.44183317 0.65039718 0.90864888 0.11398436] [0.02075195 0.22479665 0.08833981 0.51219226 0.29187607 0.14217005  0.43401399 0.60103895 0.31923609 0.82868133] [0.63364823 0.19806286 0.68535982 0.81262096 0.91777412 0.37334076  0.61776698 0.8052232  0.09045935 0.04689632] [0.74880388 0.76053071 0.95339335 0.61252607 0.71457578 0.67413362  0.51313824 0.52164715 0.30070006 0.62628715]] volt\n"
     ]
    }
   ],
   "source": [
    "# attributes of signal\n",
    "\n",
    "print(signal.attrs)\n",
    "print(signal.dtype)\n",
    "print(signal.units)\n",
    "print(signal.domain)\n",
    "print(signal.values)\n",
    "print(signal.magnitude)\n",
    "print(signal.boundaries)\n",
    "print(signal.interpolator)\n",
    "print(signal.interpolator_kwargs)\n",
    "print(signal.labels)\n",
    "print(signal.domain_axis)\n",
    "print(signal.other_axis)\n",
    "print(signal.other_len)\n",
    "print(signal.domain_len)\n",
    "print(signal.shape)\n",
    "print(signal.size)\n",
    "print(signal.ndim)\n",
    "print(signal.integral)\n",
    "print(signal.piecewise_integral)\n",
    "print(signal.normalized_signal)\n",
    "print(signal.piecewise_gradient)  # \n",
    "print(signal.gradient)  # numpy.gradient\n",
    "print(signal.nanless)\n",
    "print(signal.T)"
   ]
  },
  {
   "cell_type": "markdown",
   "metadata": {},
   "source": [
    "\n",
    "    "
   ]
  },
  {
   "cell_type": "markdown",
   "metadata": {},
   "source": [
    "There are a variety of methods implemented in this class with which you can perform operations on your signal."
   ]
  },
  {
   "cell_type": "code",
   "execution_count": 4,
   "metadata": {},
   "outputs": [
    {
     "name": "stdout",
     "output_type": "stream",
     "text": [
      "[0.14750968 0.46812902 0.83365159 0.63293601] volt\n",
      "[[0.14750968 0.46812902 0.83365159 0.63293601] [0.63214984 0.21702306 0.64555744 0.6943547 ]] volt\n",
      "[[771.32064327  20.75194936 633.64823493 748.80388254] [498.5070123  224.79664553 198.06286476 760.5307122 ] [169.11083656  88.33981417 685.35981837 953.39334619] [  3.94826633 512.19226339 812.62096165 612.52606683] [721.75531743 291.87606817 917.77412251 714.5757834 ] [542.54436801 142.1700476  373.34076005 674.13361507] [441.83317442 434.01399333 617.76697847 513.13824255] [650.39718193 601.0389534  805.22319683 521.64715239] [908.64888081 319.23608899  90.45934927 300.70005664] [113.98436186 828.68132631  46.89631939 626.28714831]] millivolt\n",
      "[[0.5        0.5        0.5        0.5       ] [0.49850701 0.22479665 0.19806286 0.76053071] [0.16911084 0.08833981 0.68535982 0.95339335] [0.00394827 0.51219226 0.81262096 0.61252607] [0.72175532 0.29187607 0.91777412 0.71457578] [0.54254437 0.14217005 0.37334076 0.67413362] [0.44183317 0.43401399 0.61776698 0.51313824] [0.65039718 0.60103895 0.8052232  0.52164715] [0.90864888 0.31923609 0.09045935 0.30070006] [0.11398436 0.82868133 0.04689632 0.62628715]] volt\n",
      "[[0.77132064 0.02075195 0.63364823 0.74880388] [0.49850701 0.22479665 0.19806286 0.76053071] [0.16911084 0.08833981 0.68535982 0.95339335] [0.00394827 0.51219226 0.81262096 0.61252607] [0.72175532 0.29187607 0.91777412 0.71457578] [0.54254437 0.14217005 0.37334076 0.67413362] [0.44183317 0.43401399 0.61776698 0.51313824] [0.65039718 0.60103895 0.8052232  0.52164715] [0.90864888 0.31923609 0.09045935 0.30070006] [0.11398436 0.82868133 0.04689632 0.62628715]] volt\n",
      "[[ 0.73986812 -0.24621965 -0.27078785 -0.22286062] [-0.24621965  0.87659155 -0.29323674 -0.33713515] [-0.27078785 -0.29323674  0.54415304  0.01987154] [-0.22286062 -0.33713515  0.01987154  0.54012423]] volt ** 2\n",
      "[[ 1.         -0.28088299 -0.49763178 -0.41260993] [-0.33278857  1.         -0.53888652 -0.62418076] [-0.36599475 -0.33451924  1.          0.03679069] [-0.30121668 -0.38459777  0.0365183   1.        ]] volt ** 2\n",
      "          a         b         c         d\n",
      "a  0.739868 -0.246220 -0.270788 -0.222861\n",
      "b -0.246220  0.876592 -0.293237 -0.337135\n",
      "c -0.270788 -0.293237  0.544153  0.019872\n",
      "d -0.222861 -0.337135  0.019872  0.540124\n",
      "0.4973008951384945 volt 19.89203580553978 volt\n",
      "[[0.77132064 0.49850701 0.16911084 0.00394827 0.72175532 0.54254437  0.44183317 0.65039718 0.90864888 0.11398436] [0.02075195 0.22479665 0.08833981 0.51219226 0.29187607 0.14217005  0.43401399 0.60103895 0.31923609 0.82868133] [0.63364823 0.19806286 0.68535982 0.81262096 0.91777412 0.37334076  0.61776698 0.8052232  0.09045935 0.04689632] [0.74880388 0.76053071 0.95339335 0.61252607 0.71457578 0.67413362  0.51313824 0.52164715 0.30070006 0.62628715]] volt\n"
     ]
    }
   ],
   "source": [
    "# methods of signal\n",
    "\n",
    "print(signal(3.2)) # interpolation of single value\n",
    "print(signal([3.2, 4.5])) # interpolation to multiple values\n",
    "print(signal.to('mV')) # converting units\n",
    "print(signal.enforce_uniformity()) # on domain\n",
    "print(signal.window_filter(4, polyorder=3)) # savgol filter default polyorder 2 ## scipy.signal.savgol_filter\n",
    "print(signal.cov())\n",
    "print(signal.corr())\n",
    "print(signal.cov(pandas=True))\n",
    "print(signal.mean(axis=signal.other_axis), signal.sum())\n",
    "print(signal.moveaxis(0, 1))"
   ]
  },
  {
   "cell_type": "code",
   "execution_count": null,
   "metadata": {},
   "outputs": [],
   "source": []
  },
  {
   "cell_type": "code",
   "execution_count": 5,
   "metadata": {},
   "outputs": [],
   "source": [
    "other_signal1 = Signal(\n",
    "    np.random.random((8, 4)), # 1 or 2D\n",
    "    domain=np.arange(1, 9), \n",
    "    domain_axis=0, \n",
    "    units='volts', \n",
    "    domain_units='s', \n",
    "    attrs={'a':'b'},\n",
    "    labels=['e', 'f', 'g', 'h'], # list-like\n",
    "    interpolator_kwargs={'bounds_error':False, 'fill_value':0.5}\n",
    ")\n",
    "\n",
    "other_signal2 = Signal(\n",
    "    np.random.random((10, 4)), # 1 or 2D\n",
    "    domain=np.arange(10, 20), \n",
    "    domain_axis=0, \n",
    "    units='volts', \n",
    "    domain_units='s', \n",
    "    attrs={'a':'b'},\n",
    "    labels=['e', 'f', 'g', 'h'], # list-like\n",
    "    interpolator_kwargs={'bounds_error':False, 'fill_value':0.5}\n",
    ")"
   ]
  },
  {
   "cell_type": "markdown",
   "metadata": {},
   "source": [
    "There are also a variety of methods that can be applied when performing operations on two signals. "
   ]
  },
  {
   "cell_type": "code",
   "execution_count": 6,
   "metadata": {},
   "outputs": [
    {
     "name": "stdout",
     "output_type": "stream",
     "text": [
      "([[0.49850701 0.22479665 0.19806286 0.76053071] [0.16911084 0.08833981 0.68535982 0.95339335] [0.00394827 0.51219226 0.81262096 0.61252607] [0.72175532 0.29187607 0.91777412 0.71457578] [0.54254437 0.14217005 0.37334076 0.67413362] [0.44183317 0.43401399 0.61776698 0.51313824] [0.65039718 0.60103895 0.8052232  0.52164715] [0.90864888 0.31923609 0.09045935 0.30070006]] volt, [[0.54758616 0.819287   0.19894754 0.8568503 ] [0.35165264 0.75464769 0.29596171 0.88393648] [0.32551164 0.1650159  0.39252924 0.09346037] [0.82110566 0.15115202 0.38411445 0.94426071] [0.98762547 0.45630455 0.82612284 0.25137413] [0.59737165 0.90283176 0.53455795 0.59020136] [0.03928177 0.35718176 0.07961309 0.30545992] [0.33071931 0.7738303  0.03995921 0.42949218]] volt)\n",
      "[[0.49850701 0.22479665 0.19806286 0.76053071 0.54758616 0.819287  0.19894754 0.8568503 ] [0.16911084 0.08833981 0.68535982 0.95339335 0.35165264 0.75464769  0.29596171 0.88393648] [0.00394827 0.51219226 0.81262096 0.61252607 0.32551164 0.1650159  0.39252924 0.09346037] [0.72175532 0.29187607 0.91777412 0.71457578 0.82110566 0.15115202  0.38411445 0.94426071] [0.54254437 0.14217005 0.37334076 0.67413362 0.98762547 0.45630455  0.82612284 0.25137413] [0.44183317 0.43401399 0.61776698 0.51313824 0.59737165 0.90283176  0.53455795 0.59020136] [0.65039718 0.60103895 0.8052232  0.52164715 0.03928177 0.35718176  0.07961309 0.30545992] [0.90864888 0.31923609 0.09045935 0.30070006 0.33071931 0.7738303  0.03995921 0.42949218]] volt\n",
      "[[0.49850701 0.22479665 0.19806286 0.76053071 0.54758616 0.819287  0.19894754 0.8568503 ] [0.16911084 0.08833981 0.68535982 0.95339335 0.35165264 0.75464769  0.29596171 0.88393648] [0.00394827 0.51219226 0.81262096 0.61252607 0.32551164 0.1650159  0.39252924 0.09346037] [0.72175532 0.29187607 0.91777412 0.71457578 0.82110566 0.15115202  0.38411445 0.94426071] [0.54254437 0.14217005 0.37334076 0.67413362 0.98762547 0.45630455  0.82612284 0.25137413] [0.44183317 0.43401399 0.61776698 0.51313824 0.59737165 0.90283176  0.53455795 0.59020136] [0.65039718 0.60103895 0.8052232  0.52164715 0.03928177 0.35718176  0.07961309 0.30545992] [0.90864888 0.31923609 0.09045935 0.30070006 0.33071931 0.7738303  0.03995921 0.42949218]] volt\n",
      "[[0.77132064 0.02075195 0.63364823 0.74880388] [0.49850701 0.22479665 0.19806286 0.76053071] [0.16911084 0.08833981 0.68535982 0.95339335] [0.00394827 0.51219226 0.81262096 0.61252607] [0.72175532 0.29187607 0.91777412 0.71457578] [0.54254437 0.14217005 0.37334076 0.67413362] [0.44183317 0.43401399 0.61776698 0.51313824] [0.65039718 0.60103895 0.8052232  0.52164715] [0.90864888 0.31923609 0.09045935 0.30070006] [0.11398436 0.82868133 0.04689632 0.62628715] [0.31492687 0.63649114 0.34634715 0.04309736] [0.87991517 0.76324059 0.87809664 0.41750914] [0.60557756 0.51346663 0.59783665 0.26221566] [0.30087131 0.02539978 0.30306256 0.24207588] [0.55757819 0.56550702 0.47513225 0.29279798] [0.06425106 0.97881915 0.33970784 0.49504863] [0.97708073 0.44077382 0.31827281 0.51979699] [0.57813643 0.85393375 0.06809727 0.46453081] [0.78194912 0.71860281 0.58602198 0.03709441] [0.35065639 0.56319068 0.29972987 0.51233415]] volt\n",
      "[[0.77132064 0.02075195 0.63364823 0.74880388] [0.49850701 0.22479665 0.19806286 0.76053071] [0.16911084 0.08833981 0.68535982 0.95339335] [0.00394827 0.51219226 0.81262096 0.61252607] [0.72175532 0.29187607 0.91777412 0.71457578] [0.54254437 0.14217005 0.37334076 0.67413362] [0.44183317 0.43401399 0.61776698 0.51313824] [0.65039718 0.60103895 0.8052232  0.52164715] [0.90864888 0.31923609 0.09045935 0.30070006] [0.11398436 0.82868133 0.04689632 0.62628715] [0.31492687 0.63649114 0.34634715 0.04309736] [0.87991517 0.76324059 0.87809664 0.41750914] [0.60557756 0.51346663 0.59783665 0.26221566] [0.30087131 0.02539978 0.30306256 0.24207588] [0.55757819 0.56550702 0.47513225 0.29279798] [0.06425106 0.97881915 0.33970784 0.49504863] [0.97708073 0.44077382 0.31827281 0.51979699] [0.57813643 0.85393375 0.06809727 0.46453081] [0.78194912 0.71860281 0.58602198 0.03709441] [0.35065639 0.56319068 0.29972987 0.51233415]] volt\n",
      "False\n",
      "[[2.05219213 2.22770224 1.20049628 2.24460334] [1.08941192 1.29790509 0.79409474 1.20677688] [2.16687674 2.03800228 1.62013074 2.46136079] [2.63011026 2.74155652 1.8331519  2.98719815]] volt ** 2\n",
      "          e         f         g         h\n",
      "a  2.052192  2.227702  1.200496  2.244603\n",
      "b  1.089412  1.297905  0.794095  1.206777\n",
      "c  2.166877  2.038002  1.620131  2.461361\n",
      "d  2.630110  2.741557  1.833152  2.987198\n"
     ]
    }
   ],
   "source": [
    "# method with other signal\n",
    "\n",
    "print(signal.equalize_domains(other_signal1))\n",
    "print(signal.other_concat(other_signal1))\n",
    "print(signal.concat(other_signal1))\n",
    "print(signal.domain_concat(other_signal2))\n",
    "print(signal.append(other_signal2))\n",
    "print(signal == other_signal1) #checks if domains, units, and values are the same \n",
    "print(signal.dot(other_signal1))\n",
    "print(signal.dot(other_signal1, pandas=True))"
   ]
  },
  {
   "cell_type": "code",
   "execution_count": 7,
   "metadata": {},
   "outputs": [
    {
     "name": "stdout",
     "output_type": "stream",
     "text": [
      "True\n"
     ]
    }
   ],
   "source": [
    "signal1 = Signal(np.arange(4), domain=np.arange(4), units='volts', domain_units='s')\n",
    "signal2 = Signal(np.arange(4), domain=np.arange(4), units='V', domain_units='s')\n",
    "print(signal1 == signal2)"
   ]
  },
  {
   "cell_type": "markdown",
   "metadata": {},
   "source": [
    "Try saving, loading, and plotting your signal."
   ]
  },
  {
   "cell_type": "code",
   "execution_count": 8,
   "metadata": {},
   "outputs": [],
   "source": [
    "signal.save('data/test_signal.json')"
   ]
  },
  {
   "cell_type": "code",
   "execution_count": 9,
   "metadata": {},
   "outputs": [
    {
     "data": {
      "text/plain": [
       "True"
      ]
     },
     "execution_count": 9,
     "metadata": {},
     "output_type": "execute_result"
    }
   ],
   "source": [
    "Signal.load('data/test_signal.json') == signal"
   ]
  },
  {
   "cell_type": "code",
   "execution_count": 10,
   "metadata": {},
   "outputs": [],
   "source": [
    "# plottings"
   ]
  },
  {
   "cell_type": "code",
   "execution_count": 11,
   "metadata": {},
   "outputs": [
    {
     "data": {
      "text/plain": [
       "<matplotlib.axes._subplots.AxesSubplot at 0x107912690>"
      ]
     },
     "execution_count": 11,
     "metadata": {},
     "output_type": "execute_result"
    },
    {
     "data": {
